-5	-0.1	0.1175
-5	-0.11	0.1233
-5	-0.12	0.1287
-5	-0.13	0.134
-5	-0.14	0.139
-5	-0.15	0.1439
-5	-0.16	0.1486
-5	-0.17	0.1531
-5	-0.18	0.1575
-5	-0.19	0.1618
-5	-0.2	0.166
-5	-0.21	0.1701
-5	-0.22	0.174
-5	-0.23	0.1779
-5	-0.24	0.1817
-5	-0.25	0.1854
-5	-0.26	0.1891
-5	-0.27	0.1926
-5	-0.28	0.1961
-5	-0.29	0.1996
-5	-0.3	0.2029
-5	-0.31	0.2063
-5	-0.32	0.2095
-5	-0.33	0.2127
-5	-0.34	0.2159
-5	-0.35	0.219
-5	-0.36	0.2221
-5	-0.37	0.2251
-5	-0.38	0.2281
-5	-0.39	0.231
-5	-0.4	0.2339
-5	-0.41	0.2368
-5	-0.42	0.2396
-5	-0.43	0.2424
-5	-0.44	0.2451
-5	-0.45	0.2478
-5	-0.46	0.2505
-5	-0.47	0.2532
-5	-0.48	0.2558
-5	-0.49	0.2584
-5	-0.5	0.261
