1	-0.1	0.3495	0.999838
1	-0.11	0.3499	0.999318
1	-0.12	0.3504	0.999241
1	-0.13	0.351	0.999606
1	-0.14	0.3516	0.999627
1	-0.15	0.3522	0.999306
1	-0.16	0.3529	0.999429
1	-0.17	0.3537	0.999995
1	-0.18	0.3544	0.999442
1	-0.19	0.3552	0.999336
1	-0.2	0.3561	0.999675
1	-0.21	0.357	0.999683
1	-0.22	0.3579	0.999363
1	-0.23	0.3589	0.999491
1	-0.24	0.3599	0.999295
1	-0.25	0.361	0.999546
1	-0.26	0.3621	0.999479
1	-0.27	0.3633	0.99986
1	-0.28	0.3645	0.999926
1	-0.29	0.3657	0.999682
1	-0.3	0.367	0.999889
1	-0.31	0.3675	0.999853
1	-0.32	0.3678	0.999878
1	-0.33	0.3681	0.999857
1	-0.34	0.3684	0.999792
1	-0.35	0.3687	0.999683
1	-0.36	0.369	0.999533
1	-0.37	0.3693	0.999344
1	-0.38	0.3694	0.999664
1	-0.39	0.3693	0.99951
1	-0.4	0.3692	0.999392
1	-0.41	0.3692	0.999957
1	-0.42	0.3691	0.99991
1	-0.43	0.369	0.999902
1	-0.44	0.3689	0.999932
1	-0.45	0.3687	0.999357
1	-0.46	0.3686	0.999468
1	-0.47	0.3685	0.999619
1	-0.48	0.3684	0.999812
1	-0.49	0.3682	0.999406
1	-0.5	0.3681	0.999684
