2	-0.1	0.3064	0.999571
2	-0.11	0.3064	0.999772
2	-0.12	0.3064	0.999993
2	-0.13	0.3063	0.999535
2	-0.14	0.3063	0.999794
2	-0.15	0.3062	0.999375
2	-0.16	0.3062	0.999672
2	-0.17	0.3062	0.999988
2	-0.18	0.3061	0.999625
2	-0.19	0.3061	0.999979
2	-0.2	0.306	0.999655
2	-0.21	0.3059	0.999349
2	-0.22	0.3059	0.999759
2	-0.23	0.3058	0.999491
2	-0.24	0.3058	0.999939
2	-0.25	0.3057	0.999709
2	-0.26	0.3056	0.999496
2	-0.27	0.3055	0.999303
2	-0.28	0.3055	0.999826
2	-0.29	0.3054	0.999669
2	-0.3	0.3053	0.999531
2	-0.31	0.3052	0.999412
2	-0.32	0.3051	0.999311
2	-0.33	0.3051	0.999926
2	-0.34	0.305	0.999862
2	-0.35	0.3049	0.999815
2	-0.36	0.3048	0.999787
2	-0.37	0.3047	0.999777
2	-0.38	0.3046	0.999784
2	-0.39	0.3045	0.99981
2	-0.4	0.3044	0.999854
2	-0.41	0.3043	0.999915
2	-0.42	0.3042	0.999995
2	-0.43	0.304	0.999392
2	-0.44	0.3039	0.999506
2	-0.45	0.3038	0.999639
2	-0.46	0.3037	0.999788
2	-0.47	0.3036	0.999955
2	-0.48	0.3034	0.999439
2	-0.49	0.3033	0.999641
2	-0.5	0.3032	0.999859
