-2	-0.1	0.3181	0.999434
-2	-0.11	0.3181	0.999678
-2	-0.12	0.3181	0.999946
-2	-0.13	0.318	0.999613
-2	-0.14	0.318	0.999927
-2	-0.15	0.3179	0.99964
-2	-0.16	0.3179	1
-2	-0.17	0.3178	0.999759
-2	-0.18	0.3177	0.99954
-2	-0.19	0.3177	0.999969
-2	-0.2	0.3176	0.999796
-2	-0.21	0.3175	0.999645
-2	-0.22	0.3174	0.999517
-2	-0.23	0.3173	0.999411
-2	-0.24	0.3173	0.999953
-2	-0.25	0.3172	0.999892
-2	-0.26	0.3171	0.999853
-2	-0.27	0.317	0.999836
-2	-0.28	0.3169	0.999841
-2	-0.29	0.3168	0.999869
-2	-0.3	0.3167	0.999918
-2	-0.31	0.3166	0.999988
-2	-0.32	0.3164	0.999454
-2	-0.33	0.3163	0.999567
-2	-0.34	0.3162	0.999703
-2	-0.35	0.3161	0.999859
-2	-0.36	0.3159	0.999409
-2	-0.37	0.3158	0.999608
-2	-0.38	0.3157	0.999828
-2	-0.39	0.3155	0.99944
-2	-0.4	0.3154	0.999701
-2	-0.41	0.3153	0.999984
-2	-0.42	0.3151	0.999657
-2	-0.43	0.315	0.99998
-2	-0.44	0.3148	0.999693
-2	-0.45	0.3146	0.999426
-2	-0.46	0.3145	0.999809
-2	-0.47	0.3143	0.999581
-2	-0.48	0.3141	0.999373
-2	-0.49	0.314	0.999815
-2	-0.5	0.3138	0.999645
