-1	-0.1	0.4231	0.999961
-1	-0.11	0.4229	0.999759
-1	-0.12	0.4227	0.999623
-1	-0.13	0.4225	0.999553
-1	-0.14	0.4223	0.999547
-1	-0.15	0.4221	0.999606
-1	-0.16	0.4219	0.999729
-1	-0.17	0.4217	0.999917
-1	-0.18	0.4214	0.999711
-1	-0.19	0.4211	0.999568
-1	-0.2	0.4209	0.999944
-1	-0.21	0.4206	0.999924
-1	-0.22	0.4203	0.999965
-1	-0.23	0.4199	0.999609
-1	-0.24	0.4196	0.99977
-1	-0.25	0.4193	0.99999
-1	-0.26	0.4189	0.999809
-1	-0.27	0.4185	0.999686
-1	-0.28	0.4181	0.999619
-1	-0.29	0.4177	0.999608
-1	-0.3	0.4173	0.999652
-1	-0.31	0.4169	0.999751
-1	-0.32	0.4165	0.999904
-1	-0.33	0.416	0.999646
-1	-0.34	0.4156	0.999904
-1	-0.35	0.4151	0.999749
-1	-0.36	0.4146	0.999643
-1	-0.37	0.4141	0.999588
-1	-0.38	0.4136	0.99958
-1	-0.39	0.4131	0.99962
-1	-0.4	0.4126	0.999708
-1	-0.41	0.4121	0.999841
-1	-0.42	0.4115	0.99955
-1	-0.43	0.411	0.999773
-1	-0.44	0.4104	0.999568
-1	-0.45	0.4099	0.999878
-1	-0.46	0.4093	0.999757
-1	-0.47	0.4087	0.999676
-1	-0.48	0.4081	0.999634
-1	-0.49	0.4075	0.999631
-1	-0.5	0.4069	0.999665
