-1	-0.1	0.2207
-1	-0.11	0.2312
-1	-0.12	0.2411
-1	-0.13	0.2507
-1	-0.14	0.2598
-1	-0.15	0.2685
-1	-0.16	0.277
-1	-0.17	0.2851
-1	-0.18	0.293
-1	-0.19	0.3006
-1	-0.2	0.308
-1	-0.21	0.3152
-1	-0.22	0.3222
-1	-0.23	0.3289
-1	-0.24	0.3356
-1	-0.25	0.342
-1	-0.26	0.3483
-1	-0.27	0.3544
-1	-0.28	0.3604
-1	-0.29	0.3663
-1	-0.3	0.372
-1	-0.31	0.3776
-1	-0.32	0.3831
-1	-0.33	0.3885
-1	-0.34	0.3938
-1	-0.35	0.399
-1	-0.36	0.4041
-1	-0.37	0.4091
-1	-0.38	0.4139
-1	-0.39	0.4188
-1	-0.4	0.4235
-1	-0.41	0.4281
-1	-0.42	0.4327
-1	-0.43	0.4371
-1	-0.44	0.4415
-1	-0.45	0.4459
-1	-0.46	0.4501
-1	-0.47	0.4543
-1	-0.48	0.4585
-1	-0.49	0.4625
-1	-0.5	0.4665
