-3	-0.1	0.149
-3	-0.11	0.1562
-3	-0.12	0.1631
-3	-0.13	0.1697
-3	-0.14	0.176
-3	-0.15	0.1821
-3	-0.16	0.188
-3	-0.17	0.1937
-3	-0.18	0.1992
-3	-0.19	0.2046
-3	-0.2	0.2099
-3	-0.21	0.215
-3	-0.22	0.2199
-3	-0.23	0.2248
-3	-0.24	0.2295
-3	-0.25	0.2341
-3	-0.26	0.2387
-3	-0.27	0.2431
-3	-0.28	0.2475
-3	-0.29	0.2517
-3	-0.3	0.2559
-3	-0.31	0.2601
-3	-0.32	0.2641
-3	-0.33	0.2681
-3	-0.34	0.272
-3	-0.35	0.2758
-3	-0.36	0.2796
-3	-0.37	0.2833
-3	-0.38	0.287
-3	-0.39	0.2906
-3	-0.4	0.2942
-3	-0.41	0.2977
-3	-0.42	0.3012
-3	-0.43	0.3046
-3	-0.44	0.308
-3	-0.45	0.3113
-3	-0.46	0.3146
-3	-0.47	0.3178
-3	-0.48	0.321
-3	-0.49	0.3242
-3	-0.5	0.3273
