-2	-0.1	0.1766
-2	-0.11	0.1851
-2	-0.12	0.1932
-2	-0.13	0.201
-2	-0.14	0.2084
-2	-0.15	0.2156
-2	-0.16	0.2225
-2	-0.17	0.2291
-2	-0.18	0.2356
-2	-0.19	0.2419
-2	-0.2	0.248
-2	-0.21	0.2539
-2	-0.22	0.2597
-2	-0.23	0.2654
-2	-0.24	0.2709
-2	-0.25	0.2762
-2	-0.26	0.2815
-2	-0.27	0.2867
-2	-0.28	0.2917
-2	-0.29	0.2966
-2	-0.3	0.3015
-2	-0.31	0.3062
-2	-0.32	0.3109
-2	-0.33	0.3154
-2	-0.34	0.3199
-2	-0.35	0.3243
-2	-0.36	0.3287
-2	-0.37	0.3329
-2	-0.38	0.3371
-2	-0.39	0.3413
-2	-0.4	0.3453
-2	-0.41	0.3493
-2	-0.42	0.3533
-2	-0.43	0.3571
-2	-0.44	0.361
-2	-0.45	0.3647
-2	-0.46	0.3685
-2	-0.47	0.3721
-2	-0.48	0.3758
-2	-0.49	0.3793
-2	-0.5	0.3829
