1.000000e+00	5.600000e-04	9.968283e-01
1.100000e+00	5.880000e-04	9.988344e-01
1.200000e+00	6.140000e-04	9.982426e-01
1.300000e+00	6.390000e-04	9.979073e-01
1.400000e+00	6.630000e-04	9.974489e-01
1.500000e+00	6.870000e-04	9.993798e-01
1.600000e+00	7.090000e-04	9.978636e-01
1.700000e+00	7.310000e-04	9.982519e-01
1.800000e+00	7.520000e-04	9.976893e-01
1.900000e+00	7.730000e-04	9.985932e-01
2.000000e+00	7.930000e-04	9.983350e-01
2.100000e+00	8.130000e-04	9.992563e-01
2.200000e+00	8.320000e-04	9.988991e-01
2.300000e+00	8.510000e-04	9.995246e-01
2.400000e+00	8.690000e-04	9.988109e-01
2.500000e+00	8.870000e-04	9.989401e-01
2.600000e+00	9.050000e-04	9.998148e-01
2.700000e+00	9.220000e-04	9.992786e-01
2.800000e+00	9.390000e-04	9.994064e-01
2.900000e+00	9.550000e-04	9.981299e-01
3.000000e+00	9.720000e-04	9.994212e-01
3.100000e+00	9.880000e-04	9.992593e-01
3.200000e+00	1.004000e-03	9.995924e-01
3.300000e+00	1.019000e-03	9.985009e-01
3.400000e+00	1.035000e-03	9.997212e-01
3.500000e+00	1.050000e-03	9.994939e-01
3.600000e+00	1.065000e-03	9.996580e-01
3.700000e+00	1.079000e-03	9.984115e-01
3.800000e+00	1.094000e-03	9.992896e-01
3.900000e+00	1.108000e-03	9.987476e-01
4.000000e+00	1.122000e-03	9.985298e-01
4.100000e+00	1.136000e-03	9.986124e-01
4.200000e+00	1.150000e-03	9.989741e-01
4.300000e+00	1.164000e-03	9.995952e-01
4.400000e+00	1.177000e-03	9.988344e-01
4.500000e+00	1.191000e-03	9.999402e-01
4.600000e+00	1.204000e-03	9.996676e-01
4.700000e+00	1.217000e-03	9.996246e-01
4.800000e+00	1.230000e-03	9.997967e-01
4.900000e+00	1.242000e-03	9.986325e-01
5.000000e+00	1.255000e-03	9.992117e-01
5.100000e+00	1.268000e-03	9.999691e-01
5.200000e+00	1.280000e-03	9.994003e-01
5.300000e+00	1.292000e-03	9.990177e-01
5.400000e+00	1.304000e-03	9.988109e-01
5.500000e+00	1.316000e-03	9.987704e-01
5.600000e+00	1.328000e-03	9.988873e-01
5.700000e+00	1.340000e-03	9.991532e-01
5.800000e+00	1.352000e-03	9.995604e-01
5.900000e+00	1.363000e-03	9.986997e-01
6.000000e+00	1.375000e-03	9.993798e-01
6.100000e+00	1.386000e-03	9.988018e-01
6.200000e+00	1.398000e-03	9.997281e-01
6.300000e+00	1.409000e-03	9.994064e-01
6.400000e+00	1.420000e-03	9.992093e-01
6.500000e+00	1.431000e-03	9.991311e-01
6.600000e+00	1.442000e-03	9.991664e-01
6.700000e+00	1.453000e-03	9.993102e-01
6.800000e+00	1.464000e-03	9.995576e-01
6.900000e+00	1.475000e-03	9.999042e-01
7.000000e+00	1.485000e-03	9.990582e-01
7.100000e+00	1.496000e-03	9.995993e-01
7.200000e+00	1.506000e-03	9.989579e-01
7.300000e+00	1.517000e-03	9.996773e-01
7.400000e+00	1.527000e-03	9.992243e-01
7.500000e+00	1.537000e-03	9.988641e-01
7.600000e+00	1.548000e-03	9.998284e-01
7.700000e+00	1.558000e-03	9.996351e-01
7.800000e+00	1.568000e-03	9.995245e-01
7.900000e+00	1.578000e-03	9.994934e-01
8.000000e+00	1.588000e-03	9.995388e-01
8.100000e+00	1.598000e-03	9.996580e-01
8.200000e+00	1.608000e-03	9.998482e-01
8.300000e+00	1.617000e-03	9.989247e-01
8.400000e+00	1.627000e-03	9.992563e-01
8.500000e+00	1.637000e-03	9.996513e-01
8.600000e+00	1.646000e-03	9.989463e-01
8.700000e+00	1.656000e-03	9.994683e-01
8.800000e+00	1.665000e-03	9.988991e-01
8.900000e+00	1.675000e-03	9.995393e-01
9.000000e+00	1.684000e-03	9.990972e-01
9.100000e+00	1.694000e-03	9.998477e-01
9.200000e+00	1.703000e-03	9.995246e-01
9.300000e+00	1.712000e-03	9.992612e-01
9.400000e+00	1.721000e-03	9.990557e-01
9.500000e+00	1.730000e-03	9.989062e-01
9.600000e+00	1.740000e-03	9.999101e-01
9.700000e+00	1.749000e-03	9.998617e-01
9.800000e+00	1.758000e-03	9.998645e-01
9.900000e+00	1.767000e-03	9.999167e-01
1.000000e+01	1.775000e-03	9.989401e-01
