1.000000e+00	5.500000e-04	9.934290e-01
1.100000e+00	5.700000e-04	9.698030e-01
1.200000e+00	6.000000e-04	9.827584e-01
1.300000e+00	6.300000e-04	9.979073e-01
1.400000e+00	6.500000e-04	9.859744e-01
1.500000e+00	6.700000e-04	9.772421e-01
1.600000e+00	7.000000e-04	9.978636e-01
1.700000e+00	7.200000e-04	9.930365e-01
1.800000e+00	7.400000e-04	9.900923e-01
1.900000e+00	7.600000e-04	9.887351e-01
2.000000e+00	7.800000e-04	9.887271e-01
2.100000e+00	8.000000e-04	9.898756e-01
2.200000e+00	8.200000e-04	9.920227e-01
2.300000e+00	8.400000e-04	9.950376e-01
2.400000e+00	8.600000e-04	9.988109e-01
2.500000e+00	8.700000e-04	9.817768e-01
2.600000e+00	8.900000e-04	9.871749e-01
2.700000e+00	9.100000e-04	9.930695e-01
2.800000e+00	9.300000e-04	9.994064e-01
2.900000e+00	9.400000e-04	9.861687e-01
3.000000e+00	9.600000e-04	9.935301e-01
3.100000e+00	9.700000e-04	9.819178e-01
3.200000e+00	9.900000e-04	9.900923e-01
3.300000e+00	1.010000e-03	9.985009e-01
3.400000e+00	1.020000e-03	9.886646e-01
3.500000e+00	1.040000e-03	9.976741e-01
3.600000e+00	1.050000e-03	9.889125e-01
3.700000e+00	1.070000e-03	9.984115e-01
3.800000e+00	1.080000e-03	9.905713e-01
3.900000e+00	1.090000e-03	9.832838e-01
4.000000e+00	1.110000e-03	9.934290e-01
4.100000e+00	1.120000e-03	9.868732e-01
4.200000e+00	1.140000e-03	9.973132e-01
4.300000e+00	1.150000e-03	9.913975e-01
4.400000e+00	1.160000e-03	9.858857e-01
4.500000e+00	1.180000e-03	9.967309e-01
4.600000e+00	1.190000e-03	9.917410e-01
4.700000e+00	1.200000e-03	9.870905e-01
4.800000e+00	1.220000e-03	9.982426e-01
4.900000e+00	1.230000e-03	9.940231e-01
5.000000e+00	1.240000e-03	9.900923e-01
5.100000e+00	1.250000e-03	9.864334e-01
5.200000e+00	1.270000e-03	9.979073e-01
5.300000e+00	1.280000e-03	9.945848e-01
5.400000e+00	1.290000e-03	9.914968e-01
5.500000e+00	1.300000e-03	9.886305e-01
5.600000e+00	1.310000e-03	9.859744e-01
5.700000e+00	1.330000e-03	9.977273e-01
5.800000e+00	1.340000e-03	9.953217e-01
5.900000e+00	1.350000e-03	9.931000e-01
6.000000e+00	1.360000e-03	9.910530e-01
6.100000e+00	1.370000e-03	9.891722e-01
6.200000e+00	1.380000e-03	9.874497e-01
6.300000e+00	1.400000e-03	9.994064e-01
6.400000e+00	1.410000e-03	9.978636e-01
6.500000e+00	1.420000e-03	9.964614e-01
6.600000e+00	1.430000e-03	9.951934e-01
6.700000e+00	1.440000e-03	9.940536e-01
6.800000e+00	1.450000e-03	9.930365e-01
6.900000e+00	1.460000e-03	9.921366e-01
7.000000e+00	1.470000e-03	9.913491e-01
7.100000e+00	1.480000e-03	9.906692e-01
7.200000e+00	1.490000e-03	9.900923e-01
7.300000e+00	1.500000e-03	9.896144e-01
7.400000e+00	1.510000e-03	9.892314e-01
7.500000e+00	1.520000e-03	9.889395e-01
7.600000e+00	1.530000e-03	9.887351e-01
7.700000e+00	1.540000e-03	9.886148e-01
7.800000e+00	1.550000e-03	9.885754e-01
7.900000e+00	1.560000e-03	9.886138e-01
8.000000e+00	1.570000e-03	9.887271e-01
8.100000e+00	1.580000e-03	9.889125e-01
8.200000e+00	1.590000e-03	9.891674e-01
8.300000e+00	1.600000e-03	9.894892e-01
8.400000e+00	1.610000e-03	9.898756e-01
8.500000e+00	1.620000e-03	9.903243e-01
8.600000e+00	1.630000e-03	9.908331e-01
8.700000e+00	1.640000e-03	9.913999e-01
8.800000e+00	1.650000e-03	9.920227e-01
8.900000e+00	1.660000e-03	9.926997e-01
9.000000e+00	1.670000e-03	9.934290e-01
9.100000e+00	1.680000e-03	9.942088e-01
9.200000e+00	1.690000e-03	9.950376e-01
9.300000e+00	1.700000e-03	9.959137e-01
9.400000e+00	1.710000e-03	9.968355e-01
9.500000e+00	1.720000e-03	9.978018e-01
9.600000e+00	1.730000e-03	9.988109e-01
9.700000e+00	1.740000e-03	9.998617e-01
9.800000e+00	1.740000e-03	9.900923e-01
9.900000e+00	1.750000e-03	9.912721e-01
1.000000e+01	1.760000e-03	9.924887e-01
