1.000000e+00	2.812500e-01	2.231163e+01
1.100000e+00	2.812500e-01	2.231142e+01
1.200000e+00	2.812500e-01	2.231122e+01
1.300000e+00	2.812500e-01	2.231101e+01
1.400000e+00	2.812500e-01	2.231080e+01
1.500000e+00	2.812500e-01	2.231059e+01
1.600000e+00	2.812500e-01	2.231039e+01
1.700000e+00	2.812500e-01	2.231018e+01
1.800000e+00	2.812500e-01	2.230997e+01
1.900000e+00	2.812500e-01	2.230976e+01
2.000000e+00	2.812500e-01	2.230956e+01
2.100000e+00	2.812500e-01	2.230935e+01
2.200000e+00	2.812500e-01	2.230914e+01
2.300000e+00	2.812500e-01	2.230893e+01
2.400000e+00	2.812500e-01	2.230873e+01
2.500000e+00	2.812500e-01	2.230852e+01
2.600000e+00	2.812500e-01	2.230831e+01
2.700000e+00	2.812500e-01	2.230810e+01
2.800000e+00	2.812500e-01	2.230790e+01
2.900000e+00	2.812500e-01	2.230769e+01
3.000000e+00	2.812500e-01	2.230748e+01
3.100000e+00	2.812500e-01	2.230727e+01
3.200000e+00	2.812500e-01	2.230707e+01
3.300000e+00	2.812500e-01	2.230686e+01
3.400000e+00	2.812500e-01	2.230665e+01
3.500000e+00	2.812500e-01	2.230644e+01
3.600000e+00	2.812500e-01	2.230623e+01
3.700000e+00	2.812500e-01	2.230603e+01
3.800000e+00	2.812500e-01	2.230582e+01
3.900000e+00	2.812500e-01	2.230561e+01
4.000000e+00	2.812500e-01	2.230540e+01
4.100000e+00	2.812500e-01	2.230520e+01
4.200000e+00	2.812500e-01	2.230499e+01
4.300000e+00	2.812500e-01	2.230478e+01
4.400000e+00	2.812500e-01	2.230457e+01
4.500000e+00	2.812500e-01	2.230437e+01
4.600000e+00	2.812500e-01	2.230416e+01
4.700000e+00	2.812500e-01	2.230395e+01
4.800000e+00	2.812500e-01	2.230374e+01
4.900000e+00	2.812500e-01	2.230354e+01
5.000000e+00	2.812500e-01	2.230333e+01
5.100000e+00	2.812500e-01	2.230312e+01
5.200000e+00	2.812500e-01	2.230291e+01
5.300000e+00	2.812500e-01	2.230271e+01
5.400000e+00	2.812500e-01	2.230250e+01
5.500000e+00	2.812500e-01	2.230229e+01
5.600000e+00	2.812500e-01	2.230209e+01
5.700000e+00	2.812500e-01	2.230188e+01
5.800000e+00	2.812500e-01	2.230167e+01
5.900000e+00	2.812500e-01	2.230146e+01
6.000000e+00	2.812500e-01	2.230126e+01
6.100000e+00	2.812500e-01	2.230105e+01
6.200000e+00	2.812500e-01	2.230084e+01
6.300000e+00	2.812500e-01	2.230063e+01
6.400000e+00	2.812500e-01	2.230043e+01
6.500000e+00	2.812500e-01	2.230022e+01
6.600000e+00	2.812500e-01	2.230001e+01
6.700000e+00	2.812500e-01	2.229980e+01
6.800000e+00	2.812500e-01	2.229960e+01
6.900000e+00	2.812500e-01	2.229939e+01
7.000000e+00	2.812500e-01	2.229918e+01
7.100000e+00	2.812500e-01	2.229897e+01
7.200000e+00	2.812500e-01	2.229877e+01
7.300000e+00	2.812500e-01	2.229856e+01
7.400000e+00	2.812500e-01	2.229835e+01
7.500000e+00	2.812500e-01	2.229814e+01
7.600000e+00	2.812500e-01	2.229794e+01
7.700000e+00	2.812500e-01	2.229773e+01
7.800000e+00	2.812500e-01	2.229752e+01
7.900000e+00	1.579418e-03	-8.757184e-11
8.000000e+00	1.589383e-03	-1.525221e-10
8.100000e+00	1.599286e-03	-1.165534e-11
8.200000e+00	1.609128e-03	-1.477496e-11
8.300000e+00	1.618910e-03	-1.429945e-11
8.400000e+00	1.628633e-03	-9.967915e-12
8.500000e+00	1.638298e-03	-2.437606e-12
8.600000e+00	1.647907e-03	-2.113421e-12
8.700000e+00	1.657461e-03	3.078497e-08
8.800000e+00	1.666959e-03	1.686778e-08
8.900000e+00	1.676404e-03	7.055950e-08
9.000000e+00	1.685795e-03	8.678434e-09
9.100000e+00	1.695135e-03	9.952484e-09
9.200000e+00	1.704423e-03	1.370539e-08
9.300000e+00	1.713661e-03	6.354445e-09
9.400000e+00	1.722850e-03	2.460172e-09
9.500000e+00	1.731990e-03	5.116359e-09
9.600000e+00	1.741082e-03	1.286770e-09
9.700000e+00	1.750126e-03	8.916152e-10
9.800000e+00	1.759125e-03	7.343979e-10
9.900000e+00	1.768077e-03	8.937149e-10
1.000000e+01	1.776984e-03	1.407653e-09
