-4	-0.1	0.8478	0.99992
-4	-0.11	0.8478	0.999859
-4	-0.12	0.8478	0.999793
-4	-0.13	0.8479	0.999947
-4	-0.14	0.8479	0.999869
-4	-0.15	0.8479	0.999785
-4	-0.16	0.848	0.999922
-4	-0.17	0.848	0.999827
-4	-0.18	0.8481	0.999952
-4	-0.19	0.8481	0.999845
-4	-0.2	0.8482	0.999959
-4	-0.21	0.8482	0.999841
-4	-0.22	0.8483	0.999943
-4	-0.23	0.8483	0.999813
-4	-0.24	0.8484	0.999904
-4	-0.25	0.8485	0.999989
-4	-0.26	0.8485	0.999842
-4	-0.27	0.8486	0.999916
-4	-0.28	0.8487	0.999984
-4	-0.29	0.8487	0.999819
-4	-0.3	0.8488	0.999876
-4	-0.31	0.8489	0.999927
-4	-0.32	0.849	0.999972
-4	-0.33	0.849	0.999785
-4	-0.34	0.8491	0.999818
-4	-0.35	0.8492	0.999846
-4	-0.36	0.8493	0.999868
-4	-0.37	0.8494	0.999885
-4	-0.38	0.8495	0.999896
-4	-0.39	0.8496	0.999901
-4	-0.4	0.8497	0.999901
-4	-0.41	0.8498	0.999895
-4	-0.42	0.8499	0.999883
-4	-0.43	0.85	0.999866
-4	-0.44	0.8501	0.999843
-4	-0.45	0.8502	0.999814
-4	-0.46	0.8503	0.99978
-4	-0.47	0.8505	0.999966
-4	-0.48	0.8506	0.999921
-4	-0.49	0.8507	0.99987
-4	-0.5	0.8508	0.999813
