-1	-0.1	0.4248	0.999675
-1	-0.11	0.425	0.999617
-1	-0.12	0.4253	0.999921
-1	-0.13	0.4255	0.999684
-1	-0.14	0.4258	0.999809
-1	-0.15	0.4261	0.999846
-1	-0.16	0.4264	0.999796
-1	-0.17	0.4267	0.999658
-1	-0.18	0.4271	0.999885
-1	-0.19	0.4274	0.999576
-1	-0.2	0.4278	0.999632
-1	-0.21	0.4282	0.999604
-1	-0.22	0.4287	0.999941
-1	-0.23	0.4291	0.999747
-1	-0.24	0.4296	0.99992
-1	-0.25	0.43	0.999565
-1	-0.26	0.4305	0.999578
-1	-0.27	0.4311	0.999958
-1	-0.28	0.4316	0.999814
-1	-0.29	0.4321	0.999594
-1	-0.3	0.4327	0.999743
-1	-0.31	0.4333	0.999817
-1	-0.32	0.4339	0.999817
-1	-0.33	0.4345	0.999745
-1	-0.34	0.4351	0.999602
-1	-0.35	0.4358	0.99983
-1	-0.36	0.4365	0.999989
-1	-0.37	0.4371	0.999639
-1	-0.38	0.4378	0.999662
-1	-0.39	0.4385	0.99962
-1	-0.4	0.4393	0.99995
-1	-0.41	0.44	0.99978
-1	-0.42	0.4408	0.999983
-1	-0.43	0.4415	0.999689
-1	-0.44	0.4423	0.999771
-1	-0.45	0.4431	0.999794
-1	-0.46	0.4439	0.999759
-1	-0.47	0.4447	0.999667
-1	-0.48	0.4456	0.999952
-1	-0.49	0.4464	0.99975
-1	-0.5	0.4473	0.999927
