-2	-0.1	0.5997	0.999742
-2	-0.11	0.5998	0.999819
-2	-0.12	0.5999	0.999874
-2	-0.13	0.6	0.999906
-2	-0.14	0.6001	0.999915
-2	-0.15	0.6002	0.999901
-2	-0.16	0.6003	0.999864
-2	-0.17	0.6004	0.999804
-2	-0.18	0.6005	0.999722
-2	-0.19	0.6007	0.999937
-2	-0.2	0.6008	0.999809
-2	-0.21	0.601	0.999979
-2	-0.22	0.6011	0.999806
-2	-0.23	0.6013	0.99993
-2	-0.24	0.6014	0.999713
-2	-0.25	0.6016	0.999793
-2	-0.26	0.6018	0.99985
-2	-0.27	0.602	0.999885
-2	-0.28	0.6022	0.999898
-2	-0.29	0.6024	0.999889
-2	-0.3	0.6026	0.999858
-2	-0.31	0.6028	0.999805
-2	-0.32	0.603	0.99973
-2	-0.33	0.6033	0.999952
-2	-0.34	0.6035	0.999834
-2	-0.35	0.6037	0.999694
-2	-0.36	0.604	0.999851
-2	-0.37	0.6043	0.999986
-2	-0.38	0.6045	0.999783
-2	-0.39	0.6048	0.999876
-2	-0.4	0.6051	0.999947
-2	-0.41	0.6054	0.999998
-2	-0.42	0.6056	0.999711
-2	-0.43	0.6059	0.99972
-2	-0.44	0.6062	0.999708
-2	-0.45	0.6066	0.999993
-2	-0.46	0.6069	0.99994
-2	-0.47	0.6072	0.999867
-2	-0.48	0.6075	0.999774
-2	-0.49	0.6079	0.999977
-2	-0.5	0.6082	0.999844
