-5	-0.1	0.9478	0.999884
-5	-0.11	0.9478	0.999845
-5	-0.12	0.9478	0.999803
-5	-0.13	0.9479	0.999959
-5	-0.14	0.9479	0.999909
-5	-0.15	0.9479	0.999855
-5	-0.16	0.9479	0.999798
-5	-0.17	0.948	0.999939
-5	-0.18	0.948	0.999875
-5	-0.19	0.948	0.999806
-5	-0.2	0.9481	0.999937
-5	-0.21	0.9481	0.999861
-5	-0.22	0.9482	0.999984
-5	-0.23	0.9482	0.999901
-5	-0.24	0.9482	0.999814
-5	-0.25	0.9483	0.999926
-5	-0.26	0.9483	0.999832
-5	-0.27	0.9484	0.999936
-5	-0.28	0.9484	0.999835
-5	-0.29	0.9485	0.999932
-5	-0.3	0.9485	0.999823
-5	-0.31	0.9486	0.999913
-5	-0.32	0.9487	0.999999
-5	-0.33	0.9487	0.999879
-5	-0.34	0.9488	0.999958
-5	-0.35	0.9488	0.999831
-5	-0.36	0.9489	0.999902
-5	-0.37	0.949	0.99997
-5	-0.38	0.949	0.999832
-5	-0.39	0.9491	0.999893
-5	-0.4	0.9492	0.99995
-5	-0.41	0.9492	0.999801
-5	-0.42	0.9493	0.99985
-5	-0.43	0.9494	0.999896
-5	-0.44	0.9495	0.999938
-5	-0.45	0.9496	0.999977
-5	-0.46	0.9496	0.99981
-5	-0.47	0.9497	0.999841
-5	-0.48	0.9498	0.999869
-5	-0.49	0.9499	0.999893
-5	-0.5	0.95	0.999914
