-3	-0.1	0.7343	0.999914
-3	-0.11	0.7343	0.999806
-3	-0.12	0.7344	0.999949
-3	-0.13	0.7344	0.999821
-3	-0.14	0.7345	0.999944
-3	-0.15	0.7345	0.999795
-3	-0.16	0.7346	0.999897
-3	-0.17	0.7347	0.999989
-3	-0.18	0.7347	0.99981
-3	-0.19	0.7348	0.999882
-3	-0.2	0.7349	0.999943
-3	-0.21	0.735	0.999995
-3	-0.22	0.735	0.999775
-3	-0.23	0.7351	0.999806
-3	-0.24	0.7352	0.999826
-3	-0.25	0.7353	0.999837
-3	-0.26	0.7354	0.999838
-3	-0.27	0.7355	0.999828
-3	-0.28	0.7356	0.999809
-3	-0.29	0.7357	0.999779
-3	-0.3	0.7358	0.99974
-3	-0.31	0.736	0.999951
-3	-0.32	0.7361	0.999891
-3	-0.33	0.7362	0.999821
-3	-0.34	0.7363	0.999742
-3	-0.35	0.7365	0.999913
-3	-0.36	0.7366	0.999813
-3	-0.37	0.7368	0.999964
-3	-0.38	0.7369	0.999845
-3	-0.39	0.7371	0.999976
-3	-0.4	0.7372	0.999837
-3	-0.41	0.7374	0.999949
-3	-0.42	0.7375	0.99979
-3	-0.43	0.7377	0.999882
-3	-0.44	0.7379	0.999964
-3	-0.45	0.738	0.999776
-3	-0.46	0.7382	0.999839
-3	-0.47	0.7384	0.999892
-3	-0.48	0.7386	0.999935
-3	-0.49	0.7388	0.999968
-3	-0.5	0.739	0.999992
